5431340
5432737
5434892
5436342
5438533
5439777
5439823
5439890
5440395
5441865
5442334
5445635
5446682
5447531
5447836
5448564
5448584
5448848
5449175
5449186
5449194
5449209
5449237
5449258
5449324
5449630
5449660
5449780
5450068
5457474
5460458
5464134
5464490
5465405
5465420
5466102
5467557
5467644
5469482
5470698
5470794
5472254
5472497
5472614
5472630
5472716
5473193
5476425
5476455
5477806
5484683
5485636
5486146
5486437
5486488
5487953
5487973
5488327
5489344
5489774
5495064
5495080
5495112
5495283
5495303
5495885
5496083
5496919
5500176
5502508
5502759
5503524
5503553
5505276
5507215
5507423
5507446
5507793
5509666
5510199
5514641
5516875
5518840
5520326
5524698
5528599
5529958
5530097
5530206
5531840
5532153
5532458
